259 280
263 306
268 331
273 356
280 379
294 399
314 412
338 422
365 423
390 419
412 407
432 391
445 370
453 347
458 323
462 300
466 275
272 255
285 240
304 233
325 234
344 244
385 243
404 234
425 234
444 241
454 256
364 262
364 280
364 298
364 316
346 328
355 332
364 335
373 332
380 328
294 266
306 257
321 257
334 267
321 270
306 271
392 267
406 258
420 258
431 266
420 271
406 270
329 362
344 356
356 351
364 354
373 352
385 356
398 362
385 370
373 373
364 373
355 372
343 369
335 363
356 361
364 362
374 361
393 362
373 361
364 362
355 360
