226 288
228 320
231 352
236 385
247 414
267 439
291 462
319 481
350 486
380 480
406 462
428 437
444 411
454 381
461 351
467 321
470 290
249 269
268 259
292 259
315 264
337 273
365 274
386 265
409 260
432 261
449 274
348 297
348 318
348 339
347 361
327 376
337 380
348 384
359 380
369 376
274 294
287 288
303 289
317 300
302 302
286 301
381 301
394 292
410 292
423 298
411 304
395 304
308 417
324 409
338 403
349 407
359 403
372 409
387 416
372 430
360 436
349 437
337 435
323 430
316 417
338 416
349 417
359 416
380 417
359 417
349 419
338 418
