287 425
291 478
300 530
309 582
325 633
354 675
393 712
438 738
486 747
533 739
573 711
609 676
636 634
652 584
663 533
674 481
682 428
321 386
349 361
388 354
426 360
462 376
524 377
559 363
596 360
632 368
658 392
495 424
494 461
494 499
494 537
457 559
474 565
492 570
508 566
525 562
368 425
390 414
417 416
437 436
413 440
386 437
545 440
565 420
592 420
613 433
595 444
568 445
428 627
450 611
474 603
492 610
510 604
532 614
551 632
531 654
509 664
489 666
469 663
447 649
439 629
473 628
491 630
510 629
539 632
509 634
490 636
472 633
